0	1	7	17	31	48	70	95	124	158	195	236	280	329	382	439	499	563	632	704	780	860	944	1032	1123	1219	1319	1422	1	3	9	19	33	50	72	97	126	160	197	238	282	331	384	440	501	565	634	706	782	862	946	1034	1125	1221	1320	1424	7	9	15	25	39	56	78	103	132	165	202	243	288	337	390	446	507	571	640	712	788	868	952	1040	1131	1227	1326	1430	17	19	25	35	48	66	87	113	142	175	212	253	298	347	400	456	517	581	649	721	798	878	961	1049	1141	1237	1336	1439	31	33	39	48	62	80	101	126	156	189	226	267	312	360	413	470	530	595	663	735	811	891	975	1063	1155	1250	1350	1453	48	50	56	66	80	97	119	144	173	206	243	284	329	378	431	487	548	612	680	753	829	909	993	1080	1172	1268	1367	1471	70	72	78	87	101	119	140	165	195	228	265	306	351	400	452	509	569	634	702	774	850	930	1014	1102	1194	1289	1389	1492	95	97	103	113	126	144	165	191	220	253	290	331	376	425	478	534	595	659	727	800	876	956	1040	1127	1219	1315	1414	1518	124	126	132	142	156	173	195	220	249	282	320	360	405	454	507	563	624	688	757	829	905	985	1069	1157	1248	1344	1443	1547	158	160	165	175	189	206	228	253	282	316	353	394	439	487	540	597	657	721	790	862	938	1018	1102	1190	1281	1377	1477	1580	195	197	202	212	226	243	265	290	320	353	390	431	476	524	577	634	694	759	827	899	975	1055	1139	1227	1319	1414	1514	1617	236	238	243	253	267	284	306	331	360	394	431	472	517	565	618	675	735	800	868	940	1016	1096	1180	1268	1360	1455	1555	1658	280	282	288	298	312	329	351	376	405	439	476	517	561	610	663	720	780	844	913	985	1061	1141	1225	1313	1404	1500	1600	1703	329	331	337	347	360	378	400	425	454	487	524	565	610	659	712	768	829	893	961	1034	1110	1190	1274	1361	1453	1549	1648	1752	382	384	390	400	413	431	452	478	507	540	577	618	663	712	764	821	881	946	1014	1086	1162	1242	1326	1414	1506	1601	1701	1804	439	440	446	456	470	487	509	534	563	597	634	675	720	768	821	878	938	1002	1071	1143	1219	1299	1383	1471	1562	1658	1758	1861	499	501	507	517	530	548	569	595	624	657	694	735	780	829	881	938	999	1063	1131	1203	1280	1360	1443	1531	1623	1719	1818	1921	563	565	571	581	595	612	634	659	688	721	759	800	844	893	946	1002	1063	1127	1196	1268	1344	1424	1508	1596	1687	1783	1882	1986	632	634	640	649	663	680	702	727	757	790	827	868	913	961	1014	1071	1131	1196	1264	1336	1412	1492	1576	1664	1756	1851	1951	2054	704	706	712	721	735	753	774	800	829	862	899	940	985	1034	1086	1143	1203	1268	1336	1408	1484	1564	1648	1736	1828	1923	2023	2126	780	782	788	798	811	829	850	876	905	938	975	1016	1061	1110	1162	1219	1280	1344	1412	1484	1560	1640	1724	1812	1904	2000	2099	2202	860	862	868	878	891	909	930	956	985	1018	1055	1096	1141	1190	1242	1299	1360	1424	1492	1564	1640	1720	1804	1892	1984	2080	2179	2282	944	946	952	961	975	993	1014	1040	1069	1102	1139	1180	1225	1274	1326	1383	1443	1508	1576	1648	1724	1804	1888	1976	2068	2163	2263	2366	1032	1034	1040	1049	1063	1080	1102	1127	1157	1190	1227	1268	1313	1361	1414	1471	1531	1596	1664	1736	1812	1892	1976	2064	2156	2251	2351	2454	1123	1125	1131	1141	1155	1172	1194	1219	1248	1281	1319	1360	1404	1453	1506	1562	1623	1687	1756	1828	1904	1984	2068	2156	2247	2343	2442	2546	1219	1221	1227	1237	1250	1268	1289	1315	1344	1377	1414	1455	1500	1549	1601	1658	1719	1783	1851	1923	2000	2080	2163	2251	2343	2439	2538	2641	1319	1320	1326	1336	1350	1367	1389	1414	1443	1477	1514	1555	1600	1648	1701	1758	1818	1882	1951	2023	2099	2179	2263	2351	2442	2538	2638	2741	1422	1424	1430	1439	1453	1471	1492	1518	1547	1580	1617	1658	1703	1752	1804	1861	1921	1986	2054	2126	2202	2282	2366	2454	2546	2641	2741	2844
1	0	1	7	17	31	48	70	95	124	158	195	236	280	329	382	439	499	563	632	704	780	860	944	1032	1123	1219	1319	3	1	3	9	19	33	50	72	97	126	160	197	238	282	331	384	440	501	565	634	706	782	862	946	1034	1125	1221	1320	9	7	9	15	25	39	56	78	103	132	165	202	243	288	337	390	446	507	571	640	712	788	868	952	1040	1131	1227	1326	19	17	19	25	35	48	66	87	113	142	175	212	253	298	347	400	456	517	581	649	721	798	878	961	1049	1141	1237	1336	33	31	33	39	48	62	80	101	126	156	189	226	267	312	360	413	470	530	595	663	735	811	891	975	1063	1155	1250	1350	50	48	50	56	66	80	97	119	144	173	206	243	284	329	378	431	487	548	612	680	753	829	909	993	1080	1172	1268	1367	72	70	72	78	87	101	119	140	165	195	228	265	306	351	400	452	509	569	634	702	774	850	930	1014	1102	1194	1289	1389	97	95	97	103	113	126	144	165	191	220	253	290	331	376	425	478	534	595	659	727	800	876	956	1040	1127	1219	1315	1414	126	124	126	132	142	156	173	195	220	249	282	320	360	405	454	507	563	624	688	757	829	905	985	1069	1157	1248	1344	1443	160	158	160	165	175	189	206	228	253	282	316	353	394	439	487	540	597	657	721	790	862	938	1018	1102	1190	1281	1377	1477	197	195	197	202	212	226	243	265	290	320	353	390	431	476	524	577	634	694	759	827	899	975	1055	1139	1227	1319	1414	1514	238	236	238	243	253	267	284	306	331	360	394	431	472	517	565	618	675	735	800	868	940	1016	1096	1180	1268	1360	1455	1555	282	280	282	288	298	312	329	351	376	405	439	476	517	561	610	663	720	780	844	913	985	1061	1141	1225	1313	1404	1500	1600	331	329	331	337	347	360	378	400	425	454	487	524	565	610	659	712	768	829	893	961	1034	1110	1190	1274	1361	1453	1549	1648	384	382	384	390	400	413	431	452	478	507	540	577	618	663	712	764	821	881	946	1014	1086	1162	1242	1326	1414	1506	1601	1701	440	439	440	446	456	470	487	509	534	563	597	634	675	720	768	821	878	938	1002	1071	1143	1219	1299	1383	1471	1562	1658	1758	501	499	501	507	517	530	548	569	595	624	657	694	735	780	829	881	938	999	1063	1131	1203	1280	1360	1443	1531	1623	1719	1818	565	563	565	571	581	595	612	634	659	688	721	759	800	844	893	946	1002	1063	1127	1196	1268	1344	1424	1508	1596	1687	1783	1882	634	632	634	640	649	663	680	702	727	757	790	827	868	913	961	1014	1071	1131	1196	1264	1336	1412	1492	1576	1664	1756	1851	1951	706	704	706	712	721	735	753	774	800	829	862	899	940	985	1034	1086	1143	1203	1268	1336	1408	1484	1564	1648	1736	1828	1923	2023	782	780	782	788	798	811	829	850	876	905	938	975	1016	1061	1110	1162	1219	1280	1344	1412	1484	1560	1640	1724	1812	1904	2000	2099	862	860	862	868	878	891	909	930	956	985	1018	1055	1096	1141	1190	1242	1299	1360	1424	1492	1564	1640	1720	1804	1892	1984	2080	2179	946	944	946	952	961	975	993	1014	1040	1069	1102	1139	1180	1225	1274	1326	1383	1443	1508	1576	1648	1724	1804	1888	1976	2068	2163	2263	1034	1032	1034	1040	1049	1063	1080	1102	1127	1157	1190	1227	1268	1313	1361	1414	1471	1531	1596	1664	1736	1812	1892	1976	2064	2156	2251	2351	1125	1123	1125	1131	1141	1155	1172	1194	1219	1248	1281	1319	1360	1404	1453	1506	1562	1623	1687	1756	1828	1904	1984	2068	2156	2247	2343	2442	1221	1219	1221	1227	1237	1250	1268	1289	1315	1344	1377	1414	1455	1500	1549	1601	1658	1719	1783	1851	1923	2000	2080	2163	2251	2343	2439	2538	1320	1319	1320	1326	1336	1350	1367	1389	1414	1443	1477	1514	1555	1600	1648	1701	1758	1818	1882	1951	2023	2099	2179	2263	2351	2442	2538	2638	1424	1422	1424	1430	1439	1453	1471	1492	1518	1547	1580	1617	1658	1703	1752	1804	1861	1921	1986	2054	2126	2202	2282	2366	2454	2546	2641	2741
7	1	0	1	7	17	31	48	70	95	124	158	195	236	280	329	382	439	499	563	632	704	780	860	944	1032	1123	1219	9	3	1	3	9	19	33	50	72	97	126	160	197	238	282	331	384	440	501	565	634	706	782	862	946	1034	1125	1221	15	9	7	9	15	25	39	56	78	103	132	165	202	243	288	337	390	446	507	571	640	712	788	868	952	1040	1131	1227	25	19	17	19	25	35	48	66	87	113	142	175	212	253	298	347	400	456	517	581	649	721	798	878	961	1049	1141	1237	39	33	31	33	39	48	62	80	101	126	156	189	226	267	312	360	413	470	530	595	663	735	811	891	975	1063	1155	1250	56	50	48	50	56	66	80	97	119	144	173	206	243	284	329	378	431	487	548	612	680	753	829	909	993	1080	1172	1268	78	72	70	72	78	87	101	119	140	165	195	228	265	306	351	400	452	509	569	634	702	774	850	930	1014	1102	1194	1289	103	97	95	97	103	113	126	144	165	191	220	253	290	331	376	425	478	534	595	659	727	800	876	956	1040	1127	1219	1315	132	126	124	126	132	142	156	173	195	220	249	282	320	360	405	454	507	563	624	688	757	829	905	985	1069	1157	1248	1344	165	160	158	160	165	175	189	206	228	253	282	316	353	394	439	487	540	597	657	721	790	862	938	1018	1102	1190	1281	1377	202	197	195	197	202	212	226	243	265	290	320	353	390	431	476	524	577	634	694	759	827	899	975	1055	1139	1227	1319	1414	243	238	236	238	243	253	267	284	306	331	360	394	431	472	517	565	618	675	735	800	868	940	1016	1096	1180	1268	1360	1455	288	282	280	282	288	298	312	329	351	376	405	439	476	517	561	610	663	720	780	844	913	985	1061	1141	1225	1313	1404	1500	337	331	329	331	337	347	360	378	400	425	454	487	524	565	610	659	712	768	829	893	961	1034	1110	1190	1274	1361	1453	1549	390	384	382	384	390	400	413	431	452	478	507	540	577	618	663	712	764	821	881	946	1014	1086	1162	1242	1326	1414	1506	1601	446	440	439	440	446	456	470	487	509	534	563	597	634	675	720	768	821	878	938	1002	1071	1143	1219	1299	1383	1471	1562	1658	507	501	499	501	507	517	530	548	569	595	624	657	694	735	780	829	881	938	999	1063	1131	1203	1280	1360	1443	1531	1623	1719	571	565	563	565	571	581	595	612	634	659	688	721	759	800	844	893	946	1002	1063	1127	1196	1268	1344	1424	1508	1596	1687	1783	640	634	632	634	640	649	663	680	702	727	757	790	827	868	913	961	1014	1071	1131	1196	1264	1336	1412	1492	1576	1664	1756	1851	712	706	704	706	712	721	735	753	774	800	829	862	899	940	985	1034	1086	1143	1203	1268	1336	1408	1484	1564	1648	1736	1828	1923	788	782	780	782	788	798	811	829	850	876	905	938	975	1016	1061	1110	1162	1219	1280	1344	1412	1484	1560	1640	1724	1812	1904	2000	868	862	860	862	868	878	891	909	930	956	985	1018	1055	1096	1141	1190	1242	1299	1360	1424	1492	1564	1640	1720	1804	1892	1984	2080	952	946	944	946	952	961	975	993	1014	1040	1069	1102	1139	1180	1225	1274	1326	1383	1443	1508	1576	1648	1724	1804	1888	1976	2068	2163	1040	1034	1032	1034	1040	1049	1063	1080	1102	1127	1157	1190	1227	1268	1313	1361	1414	1471	1531	1596	1664	1736	1812	1892	1976	2064	2156	2251	1131	1125	1123	1125	1131	1141	1155	1172	1194	1219	1248	1281	1319	1360	1404	1453	1506	1562	1623	1687	1756	1828	1904	1984	2068	2156	2247	2343	1227	1221	1219	1221	1227	1237	1250	1268	1289	1315	1344	1377	1414	1455	1500	1549	1601	1658	1719	1783	1851	1923	2000	2080	2163	2251	2343	2439	1326	1320	1319	1320	1326	1336	1350	1367	1389	1414	1443	1477	1514	1555	1600	1648	1701	1758	1818	1882	1951	2023	2099	2179	2263	2351	2442	2538	1430	1424	1422	1424	1430	1439	1453	1471	1492	1518	1547	1580	1617	1658	1703	1752	1804	1861	1921	1986	2054	2126	2202	2282	2366	2454	2546	2641
17	7	1	0	1	7	17	31	48	70	95	124	158	195	236	280	329	382	439	499	563	632	704	780	860	944	1032	1123	19	9	3	1	3	9	19	33	50	72	97	126	160	197	238	282	331	384	440	501	565	634	706	782	862	946	1034	1125	25	15	9	7	9	15	25	39	56	78	103	132	165	202	243	288	337	390	446	507	571	640	712	788	868	952	1040	1131	35	25	19	17	19	25	35	48	66	87	113	142	175	212	253	298	347	400	456	517	581	649	721	798	878	961	1049	1141	48	39	33	31	33	39	48	62	80	101	126	156	189	226	267	312	360	413	470	530	595	663	735	811	891	975	1063	1155	66	56	50	48	50	56	66	80	97	119	144	173	206	243	284	329	378	431	487	548	612	680	753	829	909	993	1080	1172	87	78	72	70	72	78	87	101	119	140	165	195	228	265	306	351	400	452	509	569	634	702	774	850	930	1014	1102	1194	113	103	97	95	97	103	113	126	144	165	191	220	253	290	331	376	425	478	534	595	659	727	800	876	956	1040	1127	1219	142	132	126	124	126	132	142	156	173	195	220	249	282	320	360	405	454	507	563	624	688	757	829	905	985	1069	1157	1248	175	165	160	158	160	165	175	189	206	228	253	282	316	353	394	439	487	540	597	657	721	790	862	938	1018	1102	1190	1281	212	202	197	195	197	202	212	226	243	265	290	320	353	390	431	476	524	577	634	694	759	827	899	975	1055	1139	1227	1319	253	243	238	236	238	243	253	267	284	306	331	360	394	431	472	517	565	618	675	735	800	868	940	1016	1096	1180	1268	1360	298	288	282	280	282	288	298	312	329	351	376	405	439	476	517	561	610	663	720	780	844	913	985	1061	1141	1225	1313	1404	347	337	331	329	331	337	347	360	378	400	425	454	487	524	565	610	659	712	768	829	893	961	1034	1110	1190	1274	1361	1453	400	390	384	382	384	390	400	413	431	452	478	507	540	577	618	663	712	764	821	881	946	1014	1086	1162	1242	1326	1414	1506	456	446	440	439	440	446	456	470	487	509	534	563	597	634	675	720	768	821	878	938	1002	1071	1143	1219	1299	1383	1471	1562	517	507	501	499	501	507	517	530	548	569	595	624	657	694	735	780	829	881	938	999	1063	1131	1203	1280	1360	1443	1531	1623	581	571	565	563	565	571	581	595	612	634	659	688	721	759	800	844	893	946	1002	1063	1127	1196	1268	1344	1424	1508	1596	1687	649	640	634	632	634	640	649	663	680	702	727	757	790	827	868	913	961	1014	1071	1131	1196	1264	1336	1412	1492	1576	1664	1756	721	712	706	704	706	712	721	735	753	774	800	829	862	899	940	985	1034	1086	1143	1203	1268	1336	1408	1484	1564	1648	1736	1828	798	788	782	780	782	788	798	811	829	850	876	905	938	975	1016	1061	1110	1162	1219	1280	1344	1412	1484	1560	1640	1724	1812	1904	878	868	862	860	862	868	878	891	909	930	956	985	1018	1055	1096	1141	1190	1242	1299	1360	1424	1492	1564	1640	1720	1804	1892	1984	961	952	946	944	946	952	961	975	993	1014	1040	1069	1102	1139	1180	1225	1274	1326	1383	1443	1508	1576	1648	1724	1804	1888	1976	2068	1049	1040	1034	1032	1034	1040	1049	1063	1080	1102	1127	1157	1190	1227	1268	1313	1361	1414	1471	1531	1596	1664	1736	1812	1892	1976	2064	2156	1141	1131	1125	1123	1125	1131	1141	1155	1172	1194	1219	1248	1281	1319	1360	1404	1453	1506	1562	1623	1687	1756	1828	1904	1984	2068	2156	2247	1237	1227	1221	1219	1221	1227	1237	1250	1268	1289	1315	1344	1377	1414	1455	1500	1549	1601	1658	1719	1783	1851	1923	2000	2080	2163	2251	2343	1336	1326	1320	1319	1320	1326	1336	1350	1367	1389	1414	1443	1477	1514	1555	1600	1648	1701	1758	1818	1882	1951	2023	2099	2179	2263	2351	2442	1439	1430	1424	1422	1424	1430	1439	1453	1471	1492	1518	1547	1580	1617	1658	1703	1752	1804	1861	1921	1986	2054	2126	2202	2282	2366	2454	2546
31	17	7	1	0	1	7	17	31	48	70	95	124	158	195	236	280	329	382	439	499	563	632	704	780	860	944	1032	33	19	9	3	1	3	9	19	33	50	72	97	126	160	197	238	282	331	384	440	501	565	634	706	782	862	946	1034	39	25	15	9	7	9	15	25	39	56	78	103	132	165	202	243	288	337	390	446	507	571	640	712	788	868	952	1040	48	35	25	19	17	19	25	35	48	66	87	113	142	175	212	253	298	347	400	456	517	581	649	721	798	878	961	1049	62	48	39	33	31	33	39	48	62	80	101	126	156	189	226	267	312	360	413	470	530	595	663	735	811	891	975	1063	80	66	56	50	48	50	56	66	80	97	119	144	173	206	243	284	329	378	431	487	548	612	680	753	829	909	993	1080	101	87	78	72	70	72	78	87	101	119	140	165	195	228	265	306	351	400	452	509	569	634	702	774	850	930	1014	1102	126	113	103	97	95	97	103	113	126	144	165	191	220	253	290	331	376	425	478	534	595	659	727	800	876	956	1040	1127	156	142	132	126	124	126	132	142	156	173	195	220	249	282	320	360	405	454	507	563	624	688	757	829	905	985	1069	1157	189	175	165	160	158	160	165	175	189	206	228	253	282	316	353	394	439	487	540	597	657	721	790	862	938	1018	1102	1190	226	212	202	197	195	197	202	212	226	243	265	290	320	353	390	431	476	524	577	634	694	759	827	899	975	1055	1139	1227	267	253	243	238	236	238	243	253	267	284	306	331	360	394	431	472	517	565	618	675	735	800	868	940	1016	1096	1180	1268	312	298	288	282	280	282	288	298	312	329	351	376	405	439	476	517	561	610	663	720	780	844	913	985	1061	1141	1225	1313	360	347	337	331	329	331	337	347	360	378	400	425	454	487	524	565	610	659	712	768	829	893	961	1034	1110	1190	1274	1361	413	400	390	384	382	384	390	400	413	431	452	478	507	540	577	618	663	712	764	821	881	946	1014	1086	1162	1242	1326	1414	470	456	446	440	439	440	446	456	470	487	509	534	563	597	634	675	720	768	821	878	938	1002	1071	1143	1219	1299	1383	1471	530	517	507	501	499	501	507	517	530	548	569	595	624	657	694	735	780	829	881	938	999	1063	1131	1203	1280	1360	1443	1531	595	581	571	565	563	565	571	581	595	612	634	659	688	721	759	800	844	893	946	1002	1063	1127	1196	1268	1344	1424	1508	1596	663	649	640	634	632	634	640	649	663	680	702	727	757	790	827	868	913	961	1014	1071	1131	1196	1264	1336	1412	1492	1576	1664	735	721	712	706	704	706	712	721	735	753	774	800	829	862	899	940	985	1034	1086	1143	1203	1268	1336	1408	1484	1564	1648	1736	811	798	788	782	780	782	788	798	811	829	850	876	905	938	975	1016	1061	1110	1162	1219	1280	1344	1412	1484	1560	1640	1724	1812	891	878	868	862	860	862	868	878	891	909	930	956	985	1018	1055	1096	1141	1190	1242	1299	1360	1424	1492	1564	1640	1720	1804	1892	975	961	952	946	944	946	952	961	975	993	1014	1040	1069	1102	1139	1180	1225	1274	1326	1383	1443	1508	1576	1648	1724	1804	1888	1976	1063	1049	1040	1034	1032	1034	1040	1049	1063	1080	1102	1127	1157	1190	1227	1268	1313	1361	1414	1471	1531	1596	1664	1736	1812	1892	1976	2064	1155	1141	1131	1125	1123	1125	1131	1141	1155	1172	1194	1219	1248	1281	1319	1360	1404	1453	1506	1562	1623	1687	1756	1828	1904	1984	2068	2156	1250	1237	1227	1221	1219	1221	1227	1237	1250	1268	1289	1315	1344	1377	1414	1455	1500	1549	1601	1658	1719	1783	1851	1923	2000	2080	2163	2251	1350	1336	1326	1320	1319	1320	1326	1336	1350	1367	1389	1414	1443	1477	1514	1555	1600	1648	1701	1758	1818	1882	1951	2023	2099	2179	2263	2351	1453	1439	1430	1424	1422	1424	1430	1439	1453	1471	1492	1518	1547	1580	1617	1658	1703	1752	1804	1861	1921	1986	2054	2126	2202	2282	2366	2454
48	31	17	7	1	0	1	7	17	31	48	70	95	124	158	195	236	280	329	382	439	499	563	632	704	780	860	944	50	33	19	9	3	1	3	9	19	33	50	72	97	126	160	197	238	282	331	384	440	501	565	634	706	782	862	946	56	39	25	15	9	7	9	15	25	39	56	78	103	132	165	202	243	288	337	390	446	507	571	640	712	788	868	952	66	48	35	25	19	17	19	25	35	48	66	87	113	142	175	212	253	298	347	400	456	517	581	649	721	798	878	961	80	62	48	39	33	31	33	39	48	62	80	101	126	156	189	226	267	312	360	413	470	530	595	663	735	811	891	975	97	80	66	56	50	48	50	56	66	80	97	119	144	173	206	243	284	329	378	431	487	548	612	680	753	829	909	993	119	101	87	78	72	70	72	78	87	101	119	140	165	195	228	265	306	351	400	452	509	569	634	702	774	850	930	1014	144	126	113	103	97	95	97	103	113	126	144	165	191	220	253	290	331	376	425	478	534	595	659	727	800	876	956	1040	173	156	142	132	126	124	126	132	142	156	173	195	220	249	282	320	360	405	454	507	563	624	688	757	829	905	985	1069	206	189	175	165	160	158	160	165	175	189	206	228	253	282	316	353	394	439	487	540	597	657	721	790	862	938	1018	1102	243	226	212	202	197	195	197	202	212	226	243	265	290	320	353	390	431	476	524	577	634	694	759	827	899	975	1055	1139	284	267	253	243	238	236	238	243	253	267	284	306	331	360	394	431	472	517	565	618	675	735	800	868	940	1016	1096	1180	329	312	298	288	282	280	282	288	298	312	329	351	376	405	439	476	517	561	610	663	720	780	844	913	985	1061	1141	1225	378	360	347	337	331	329	331	337	347	360	378	400	425	454	487	524	565	610	659	712	768	829	893	961	1034	1110	1190	1274	431	413	400	390	384	382	384	390	400	413	431	452	478	507	540	577	618	663	712	764	821	881	946	1014	1086	1162	1242	1326	487	470	456	446	440	439	440	446	456	470	487	509	534	563	597	634	675	720	768	821	878	938	1002	1071	1143	1219	1299	1383	548	530	517	507	501	499	501	507	517	530	548	569	595	624	657	694	735	780	829	881	938	999	1063	1131	1203	1280	1360	1443	612	595	581	571	565	563	565	571	581	595	612	634	659	688	721	759	800	844	893	946	1002	1063	1127	1196	1268	1344	1424	1508	680	663	649	640	634	632	634	640	649	663	680	702	727	757	790	827	868	913	961	1014	1071	1131	1196	1264	1336	1412	1492	1576	753	735	721	712	706	704	706	712	721	735	753	774	800	829	862	899	940	985	1034	1086	1143	1203	1268	1336	1408	1484	1564	1648	829	811	798	788	782	780	782	788	798	811	829	850	876	905	938	975	1016	1061	1110	1162	1219	1280	1344	1412	1484	1560	1640	1724	909	891	878	868	862	860	862	868	878	891	909	930	956	985	1018	1055	1096	1141	1190	1242	1299	1360	1424	1492	1564	1640	1720	1804	993	975	961	952	946	944	946	952	961	975	993	1014	1040	1069	1102	1139	1180	1225	1274	1326	1383	1443	1508	1576	1648	1724	1804	1888	1080	1063	1049	1040	1034	1032	1034	1040	1049	1063	1080	1102	1127	1157	1190	1227	1268	1313	1361	1414	1471	1531	1596	1664	1736	1812	1892	1976	1172	1155	1141	1131	1125	1123	1125	1131	1141	1155	1172	1194	1219	1248	1281	1319	1360	1404	1453	1506	1562	1623	1687	1756	1828	1904	1984	2068	1268	1250	1237	1227	1221	1219	1221	1227	1237	1250	1268	1289	1315	1344	1377	1414	1455	1500	1549	1601	1658	1719	1783	1851	1923	2000	2080	2163	1367	1350	1336	1326	1320	1319	1320	1326	1336	1350	1367	1389	1414	1443	1477	1514	1555	1600	1648	1701	1758	1818	1882	1951	2023	2099	2179	2263	1471	1453	1439	1430	1424	1422	1424	1430	1439	1453	1471	1492	1518	1547	1580	1617	1658	1703	1752	1804	1861	1921	1986	2054	2126	2202	2282	2366
70	48	31	17	7	1	0	1	7	17	31	48	70	95	124	158	195	236	280	329	382	439	499	563	632	704	780	860	72	50	33	19	9	3	1	3	9	19	33	50	72	97	126	160	197	238	282	331	384	440	501	565	634	706	782	862	78	56	39	25	15	9	7	9	15	25	39	56	78	103	132	165	202	243	288	337	390	446	507	571	640	712	788	868	87	66	48	35	25	19	17	19	25	35	48	66	87	113	142	175	212	253	298	347	400	456	517	581	649	721	798	878	101	80	62	48	39	33	31	33	39	48	62	80	101	126	156	189	226	267	312	360	413	470	530	595	663	735	811	891	119	97	80	66	56	50	48	50	56	66	80	97	119	144	173	206	243	284	329	378	431	487	548	612	680	753	829	909	140	119	101	87	78	72	70	72	78	87	101	119	140	165	195	228	265	306	351	400	452	509	569	634	702	774	850	930	165	144	126	113	103	97	95	97	103	113	126	144	165	191	220	253	290	331	376	425	478	534	595	659	727	800	876	956	195	173	156	142	132	126	124	126	132	142	156	173	195	220	249	282	320	360	405	454	507	563	624	688	757	829	905	985	228	206	189	175	165	160	158	160	165	175	189	206	228	253	282	316	353	394	439	487	540	597	657	721	790	862	938	1018	265	243	226	212	202	197	195	197	202	212	226	243	265	290	320	353	390	431	476	524	577	634	694	759	827	899	975	1055	306	284	267	253	243	238	236	238	243	253	267	284	306	331	360	394	431	472	517	565	618	675	735	800	868	940	1016	1096	351	329	312	298	288	282	280	282	288	298	312	329	351	376	405	439	476	517	561	610	663	720	780	844	913	985	1061	1141	400	378	360	347	337	331	329	331	337	347	360	378	400	425	454	487	524	565	610	659	712	768	829	893	961	1034	1110	1190	452	431	413	400	390	384	382	384	390	400	413	431	452	478	507	540	577	618	663	712	764	821	881	946	1014	1086	1162	1242	509	487	470	456	446	440	439	440	446	456	470	487	509	534	563	597	634	675	720	768	821	878	938	1002	1071	1143	1219	1299	569	548	530	517	507	501	499	501	507	517	530	548	569	595	624	657	694	735	780	829	881	938	999	1063	1131	1203	1280	1360	634	612	595	581	571	565	563	565	571	581	595	612	634	659	688	721	759	800	844	893	946	1002	1063	1127	1196	1268	1344	1424	702	680	663	649	640	634	632	634	640	649	663	680	702	727	757	790	827	868	913	961	1014	1071	1131	1196	1264	1336	1412	1492	774	753	735	721	712	706	704	706	712	721	735	753	774	800	829	862	899	940	985	1034	1086	1143	1203	1268	1336	1408	1484	1564	850	829	811	798	788	782	780	782	788	798	811	829	850	876	905	938	975	1016	1061	1110	1162	1219	1280	1344	1412	1484	1560	1640	930	909	891	878	868	862	860	862	868	878	891	909	930	956	985	1018	1055	1096	1141	1190	1242	1299	1360	1424	1492	1564	1640	1720	1014	993	975	961	952	946	944	946	952	961	975	993	1014	1040	1069	1102	1139	1180	1225	1274	1326	1383	1443	1508	1576	1648	1724	1804	1102	1080	1063	1049	1040	1034	1032	1034	1040	1049	1063	1080	1102	1127	1157	1190	1227	1268	1313	1361	1414	1471	1531	1596	1664	1736	1812	1892	1194	1172	1155	1141	1131	1125	1123	1125	1131	1141	1155	1172	1194	1219	1248	1281	1319	1360	1404	1453	1506	1562	1623	1687	1756	1828	1904	1984	1289	1268	1250	1237	1227	1221	1219	1221	1227	1237	1250	1268	1289	1315	1344	1377	1414	1455	1500	1549	1601	1658	1719	1783	1851	1923	2000	2080	1389	1367	1350	1336	1326	1320	1319	1320	1326	1336	1350	1367	1389	1414	1443	1477	1514	1555	1600	1648	1701	1758	1818	1882	1951	2023	2099	2179	1492	1471	1453	1439	1430	1424	1422	1424	1430	1439	1453	1471	1492	1518	1547	1580	1617	1658	1703	1752	1804	1861	1921	1986	2054	2126	2202	2282
95	70	48	31	17	7	1	0	1	7	17	31	48	70	95	124	158	195	236	280	329	382	439	499	563	632	704	780	97	72	50	33	19	9	3	1	3	9	19	33	50	72	97	126	160	197	238	282	331	384	440	501	565	634	706	782	103	78	56	39	25	15	9	7	9	15	25	39	56	78	103	132	165	202	243	288	337	390	446	507	571	640	712	788	113	87	66	48	35	25	19	17	19	25	35	48	66	87	113	142	175	212	253	298	347	400	456	517	581	649	721	798	126	101	80	62	48	39	33	31	33	39	48	62	80	101	126	156	189	226	267	312	360	413	470	530	595	663	735	811	144	119	97	80	66	56	50	48	50	56	66	80	97	119	144	173	206	243	284	329	378	431	487	548	612	680	753	829	165	140	119	101	87	78	72	70	72	78	87	101	119	140	165	195	228	265	306	351	400	452	509	569	634	702	774	850	191	165	144	126	113	103	97	95	97	103	113	126	144	165	191	220	253	290	331	376	425	478	534	595	659	727	800	876	220	195	173	156	142	132	126	124	126	132	142	156	173	195	220	249	282	320	360	405	454	507	563	624	688	757	829	905	253	228	206	189	175	165	160	158	160	165	175	189	206	228	253	282	316	353	394	439	487	540	597	657	721	790	862	938	290	265	243	226	212	202	197	195	197	202	212	226	243	265	290	320	353	390	431	476	524	577	634	694	759	827	899	975	331	306	284	267	253	243	238	236	238	243	253	267	284	306	331	360	394	431	472	517	565	618	675	735	800	868	940	1016	376	351	329	312	298	288	282	280	282	288	298	312	329	351	376	405	439	476	517	561	610	663	720	780	844	913	985	1061	425	400	378	360	347	337	331	329	331	337	347	360	378	400	425	454	487	524	565	610	659	712	768	829	893	961	1034	1110	478	452	431	413	400	390	384	382	384	390	400	413	431	452	478	507	540	577	618	663	712	764	821	881	946	1014	1086	1162	534	509	487	470	456	446	440	439	440	446	456	470	487	509	534	563	597	634	675	720	768	821	878	938	1002	1071	1143	1219	595	569	548	530	517	507	501	499	501	507	517	530	548	569	595	624	657	694	735	780	829	881	938	999	1063	1131	1203	1280	659	634	612	595	581	571	565	563	565	571	581	595	612	634	659	688	721	759	800	844	893	946	1002	1063	1127	1196	1268	1344	727	702	680	663	649	640	634	632	634	640	649	663	680	702	727	757	790	827	868	913	961	1014	1071	1131	1196	1264	1336	1412	800	774	753	735	721	712	706	704	706	712	721	735	753	774	800	829	862	899	940	985	1034	1086	1143	1203	1268	1336	1408	1484	876	850	829	811	798	788	782	780	782	788	798	811	829	850	876	905	938	975	1016	1061	1110	1162	1219	1280	1344	1412	1484	1560	956	930	909	891	878	868	862	860	862	868	878	891	909	930	956	985	1018	1055	1096	1141	1190	1242	1299	1360	1424	1492	1564	1640	1040	1014	993	975	961	952	946	944	946	952	961	975	993	1014	1040	1069	1102	1139	1180	1225	1274	1326	1383	1443	1508	1576	1648	1724	1127	1102	1080	1063	1049	1040	1034	1032	1034	1040	1049	1063	1080	1102	1127	1157	1190	1227	1268	1313	1361	1414	1471	1531	1596	1664	1736	1812	1219	1194	1172	1155	1141	1131	1125	1123	1125	1131	1141	1155	1172	1194	1219	1248	1281	1319	1360	1404	1453	1506	1562	1623	1687	1756	1828	1904	1315	1289	1268	1250	1237	1227	1221	1219	1221	1227	1237	1250	1268	1289	1315	1344	1377	1414	1455	1500	1549	1601	1658	1719	1783	1851	1923	2000	1414	1389	1367	1350	1336	1326	1320	1319	1320	1326	1336	1350	1367	1389	1414	1443	1477	1514	1555	1600	1648	1701	1758	1818	1882	1951	2023	2099	1518	1492	1471	1453	1439	1430	1424	1422	1424	1430	1439	1453	1471	1492	1518	1547	1580	1617	1658	1703	1752	1804	1861	1921	1986	2054	2126	2202
124	95	70	48	31	17	7	1	0	1	7	17	31	48	70	95	124	158	195	236	280	329	382	439	499	563	632	704	126	97	72	50	33	19	9	3	1	3	9	19	33	50	72	97	126	160	197	238	282	331	384	440	501	565	634	706	132	103	78	56	39	25	15	9	7	9	15	25	39	56	78	103	132	165	202	243	288	337	390	446	507	571	640	712	142	113	87	66	48	35	25	19	17	19	25	35	48	66	87	113	142	175	212	253	298	347	400	456	517	581	649	721	156	126	101	80	62	48	39	33	31	33	39	48	62	80	101	126	156	189	226	267	312	360	413	470	530	595	663	735	173	144	119	97	80	66	56	50	48	50	56	66	80	97	119	144	173	206	243	284	329	378	431	487	548	612	680	753	195	165	140	119	101	87	78	72	70	72	78	87	101	119	140	165	195	228	265	306	351	400	452	509	569	634	702	774	220	191	165	144	126	113	103	97	95	97	103	113	126	144	165	191	220	253	290	331	376	425	478	534	595	659	727	800	249	220	195	173	156	142	132	126	124	126	132	142	156	173	195	220	249	282	320	360	405	454	507	563	624	688	757	829	282	253	228	206	189	175	165	160	158	160	165	175	189	206	228	253	282	316	353	394	439	487	540	597	657	721	790	862	320	290	265	243	226	212	202	197	195	197	202	212	226	243	265	290	320	353	390	431	476	524	577	634	694	759	827	899	360	331	306	284	267	253	243	238	236	238	243	253	267	284	306	331	360	394	431	472	517	565	618	675	735	800	868	940	405	376	351	329	312	298	288	282	280	282	288	298	312	329	351	376	405	439	476	517	561	610	663	720	780	844	913	985	454	425	400	378	360	347	337	331	329	331	337	347	360	378	400	425	454	487	524	565	610	659	712	768	829	893	961	1034	507	478	452	431	413	400	390	384	382	384	390	400	413	431	452	478	507	540	577	618	663	712	764	821	881	946	1014	1086	563	534	509	487	470	456	446	440	439	440	446	456	470	487	509	534	563	597	634	675	720	768	821	878	938	1002	1071	1143	624	595	569	548	530	517	507	501	499	501	507	517	530	548	569	595	624	657	694	735	780	829	881	938	999	1063	1131	1203	688	659	634	612	595	581	571	565	563	565	571	581	595	612	634	659	688	721	759	800	844	893	946	1002	1063	1127	1196	1268	757	727	702	680	663	649	640	634	632	634	640	649	663	680	702	727	757	790	827	868	913	961	1014	1071	1131	1196	1264	1336	829	800	774	753	735	721	712	706	704	706	712	721	735	753	774	800	829	862	899	940	985	1034	1086	1143	1203	1268	1336	1408	905	876	850	829	811	798	788	782	780	782	788	798	811	829	850	876	905	938	975	1016	1061	1110	1162	1219	1280	1344	1412	1484	985	956	930	909	891	878	868	862	860	862	868	878	891	909	930	956	985	1018	1055	1096	1141	1190	1242	1299	1360	1424	1492	1564	1069	1040	1014	993	975	961	952	946	944	946	952	961	975	993	1014	1040	1069	1102	1139	1180	1225	1274	1326	1383	1443	1508	1576	1648	1157	1127	1102	1080	1063	1049	1040	1034	1032	1034	1040	1049	1063	1080	1102	1127	1157	1190	1227	1268	1313	1361	1414	1471	1531	1596	1664	1736	1248	1219	1194	1172	1155	1141	1131	1125	1123	1125	1131	1141	1155	1172	1194	1219	1248	1281	1319	1360	1404	1453	1506	1562	1623	1687	1756	1828	1344	1315	1289	1268	1250	1237	1227	1221	1219	1221	1227	1237	1250	1268	1289	1315	1344	1377	1414	1455	1500	1549	1601	1658	1719	1783	1851	1923	1443	1414	1389	1367	1350	1336	1326	1320	1319	1320	1326	1336	1350	1367	1389	1414	1443	1477	1514	1555	1600	1648	1701	1758	1818	1882	1951	2023	1547	1518	1492	1471	1453	1439	1430	1424	1422	1424	1430	1439	1453	1471	1492	1518	1547	1580	1617	1658	1703	1752	1804	1861	1921	1986	2054	2126
158	124	95	70	48	31	17	7	1	0	1	7	17	31	48	70	95	124	158	195	236	280	329	382	439	499	563	632	160	126	97	72	50	33	19	9	3	1	3	9	19	33	50	72	97	126	160	197	238	282	331	384	440	501	565	634	165	132	103	78	56	39	25	15	9	7	9	15	25	39	56	78	103	132	165	202	243	288	337	390	446	507	571	640	175	142	113	87	66	48	35	25	19	17	19	25	35	48	66	87	113	142	175	212	253	298	347	400	456	517	581	649	189	156	126	101	80	62	48	39	33	31	33	39	48	62	80	101	126	156	189	226	267	312	360	413	470	530	595	663	206	173	144	119	97	80	66	56	50	48	50	56	66	80	97	119	144	173	206	243	284	329	378	431	487	548	612	680	228	195	165	140	119	101	87	78	72	70	72	78	87	101	119	140	165	195	228	265	306	351	400	452	509	569	634	702	253	220	191	165	144	126	113	103	97	95	97	103	113	126	144	165	191	220	253	290	331	376	425	478	534	595	659	727	282	249	220	195	173	156	142	132	126	124	126	132	142	156	173	195	220	249	282	320	360	405	454	507	563	624	688	757	316	282	253	228	206	189	175	165	160	158	160	165	175	189	206	228	253	282	316	353	394	439	487	540	597	657	721	790	353	320	290	265	243	226	212	202	197	195	197	202	212	226	243	265	290	320	353	390	431	476	524	577	634	694	759	827	394	360	331	306	284	267	253	243	238	236	238	243	253	267	284	306	331	360	394	431	472	517	565	618	675	735	800	868	439	405	376	351	329	312	298	288	282	280	282	288	298	312	329	351	376	405	439	476	517	561	610	663	720	780	844	913	487	454	425	400	378	360	347	337	331	329	331	337	347	360	378	400	425	454	487	524	565	610	659	712	768	829	893	961	540	507	478	452	431	413	400	390	384	382	384	390	400	413	431	452	478	507	540	577	618	663	712	764	821	881	946	1014	597	563	534	509	487	470	456	446	440	439	440	446	456	470	487	509	534	563	597	634	675	720	768	821	878	938	1002	1071	657	624	595	569	548	530	517	507	501	499	501	507	517	530	548	569	595	624	657	694	735	780	829	881	938	999	1063	1131	721	688	659	634	612	595	581	571	565	563	565	571	581	595	612	634	659	688	721	759	800	844	893	946	1002	1063	1127	1196	790	757	727	702	680	663	649	640	634	632	634	640	649	663	680	702	727	757	790	827	868	913	961	1014	1071	1131	1196	1264	862	829	800	774	753	735	721	712	706	704	706	712	721	735	753	774	800	829	862	899	940	985	1034	1086	1143	1203	1268	1336	938	905	876	850	829	811	798	788	782	780	782	788	798	811	829	850	876	905	938	975	1016	1061	1110	1162	1219	1280	1344	1412	1018	985	956	930	909	891	878	868	862	860	862	868	878	891	909	930	956	985	1018	1055	1096	1141	1190	1242	1299	1360	1424	1492	1102	1069	1040	1014	993	975	961	952	946	944	946	952	961	975	993	1014	1040	1069	1102	1139	1180	1225	1274	1326	1383	1443	1508	1576	1190	1157	1127	1102	1080	1063	1049	1040	1034	1032	1034	1040	1049	1063	1080	1102	1127	1157	1190	1227	1268	1313	1361	1414	1471	1531	1596	1664	1281	1248	1219	1194	1172	1155	1141	1131	1125	1123	1125	1131	1141	1155	1172	1194	1219	1248	1281	1319	1360	1404	1453	1506	1562	1623	1687	1756	1377	1344	1315	1289	1268	1250	1237	1227	1221	1219	1221	1227	1237	1250	1268	1289	1315	1344	1377	1414	1455	1500	1549	1601	1658	1719	1783	1851	1477	1443	1414	1389	1367	1350	1336	1326	1320	1319	1320	1326	1336	1350	1367	1389	1414	1443	1477	1514	1555	1600	1648	1701	1758	1818	1882	1951	1580	1547	1518	1492	1471	1453	1439	1430	1424	1422	1424	1430	1439	1453	1471	1492	1518	1547	1580	1617	1658	1703	1752	1804	1861	1921	1986	2054
195	158	124	95	70	48	31	17	7	1	0	1	7	17	31	48	70	95	124	158	195	236	280	329	382	439	499	563	197	160	126	97	72	50	33	19	9	3	1	3	9	19	33	50	72	97	126	160	197	238	282	331	384	440	501	565	202	165	132	103	78	56	39	25	15	9	7	9	15	25	39	56	78	103	132	165	202	243	288	337	390	446	507	571	212	175	142	113	87	66	48	35	25	19	17	19	25	35	48	66	87	113	142	175	212	253	298	347	400	456	517	581	226	189	156	126	101	80	62	48	39	33	31	33	39	48	62	80	101	126	156	189	226	267	312	360	413	470	530	595	243	206	173	144	119	97	80	66	56	50	48	50	56	66	80	97	119	144	173	206	243	284	329	378	431	487	548	612	265	228	195	165	140	119	101	87	78	72	70	72	78	87	101	119	140	165	195	228	265	306	351	400	452	509	569	634	290	253	220	191	165	144	126	113	103	97	95	97	103	113	126	144	165	191	220	253	290	331	376	425	478	534	595	659	320	282	249	220	195	173	156	142	132	126	124	126	132	142	156	173	195	220	249	282	320	360	405	454	507	563	624	688	353	316	282	253	228	206	189	175	165	160	158	160	165	175	189	206	228	253	282	316	353	394	439	487	540	597	657	721	390	353	320	290	265	243	226	212	202	197	195	197	202	212	226	243	265	290	320	353	390	431	476	524	577	634	694	759	431	394	360	331	306	284	267	253	243	238	236	238	243	253	267	284	306	331	360	394	431	472	517	565	618	675	735	800	476	439	405	376	351	329	312	298	288	282	280	282	288	298	312	329	351	376	405	439	476	517	561	610	663	720	780	844	524	487	454	425	400	378	360	347	337	331	329	331	337	347	360	378	400	425	454	487	524	565	610	659	712	768	829	893	577	540	507	478	452	431	413	400	390	384	382	384	390	400	413	431	452	478	507	540	577	618	663	712	764	821	881	946	634	597	563	534	509	487	470	456	446	440	439	440	446	456	470	487	509	534	563	597	634	675	720	768	821	878	938	1002	694	657	624	595	569	548	530	517	507	501	499	501	507	517	530	548	569	595	624	657	694	735	780	829	881	938	999	1063	759	721	688	659	634	612	595	581	571	565	563	565	571	581	595	612	634	659	688	721	759	800	844	893	946	1002	1063	1127	827	790	757	727	702	680	663	649	640	634	632	634	640	649	663	680	702	727	757	790	827	868	913	961	1014	1071	1131	1196	899	862	829	800	774	753	735	721	712	706	704	706	712	721	735	753	774	800	829	862	899	940	985	1034	1086	1143	1203	1268	975	938	905	876	850	829	811	798	788	782	780	782	788	798	811	829	850	876	905	938	975	1016	1061	1110	1162	1219	1280	1344	1055	1018	985	956	930	909	891	878	868	862	860	862	868	878	891	909	930	956	985	1018	1055	1096	1141	1190	1242	1299	1360	1424	1139	1102	1069	1040	1014	993	975	961	952	946	944	946	952	961	975	993	1014	1040	1069	1102	1139	1180	1225	1274	1326	1383	1443	1508	1227	1190	1157	1127	1102	1080	1063	1049	1040	1034	1032	1034	1040	1049	1063	1080	1102	1127	1157	1190	1227	1268	1313	1361	1414	1471	1531	1596	1319	1281	1248	1219	1194	1172	1155	1141	1131	1125	1123	1125	1131	1141	1155	1172	1194	1219	1248	1281	1319	1360	1404	1453	1506	1562	1623	1687	1414	1377	1344	1315	1289	1268	1250	1237	1227	1221	1219	1221	1227	1237	1250	1268	1289	1315	1344	1377	1414	1455	1500	1549	1601	1658	1719	1783	1514	1477	1443	1414	1389	1367	1350	1336	1326	1320	1319	1320	1326	1336	1350	1367	1389	1414	1443	1477	1514	1555	1600	1648	1701	1758	1818	1882	1617	1580	1547	1518	1492	1471	1453	1439	1430	1424	1422	1424	1430	1439	1453	1471	1492	1518	1547	1580	1617	1658	1703	1752	1804	1861	1921	1986
236	195	158	124	95	70	48	31	17	7	1	0	1	7	17	31	48	70	95	124	158	195	236	280	329	382	439	499	238	197	160	126	97	72	50	33	19	9	3	1	3	9	19	33	50	72	97	126	160	197	238	282	331	384	440	501	243	202	165	132	103	78	56	39	25	15	9	7	9	15	25	39	56	78	103	132	165	202	243	288	337	390	446	507	253	212	175	142	113	87	66	48	35	25	19	17	19	25	35	48	66	87	113	142	175	212	253	298	347	400	456	517	267	226	189	156	126	101	80	62	48	39	33	31	33	39	48	62	80	101	126	156	189	226	267	312	360	413	470	530	284	243	206	173	144	119	97	80	66	56	50	48	50	56	66	80	97	119	144	173	206	243	284	329	378	431	487	548	306	265	228	195	165	140	119	101	87	78	72	70	72	78	87	101	119	140	165	195	228	265	306	351	400	452	509	569	331	290	253	220	191	165	144	126	113	103	97	95	97	103	113	126	144	165	191	220	253	290	331	376	425	478	534	595	360	320	282	249	220	195	173	156	142	132	126	124	126	132	142	156	173	195	220	249	282	320	360	405	454	507	563	624	394	353	316	282	253	228	206	189	175	165	160	158	160	165	175	189	206	228	253	282	316	353	394	439	487	540	597	657	431	390	353	320	290	265	243	226	212	202	197	195	197	202	212	226	243	265	290	320	353	390	431	476	524	577	634	694	472	431	394	360	331	306	284	267	253	243	238	236	238	243	253	267	284	306	331	360	394	431	472	517	565	618	675	735	517	476	439	405	376	351	329	312	298	288	282	280	282	288	298	312	329	351	376	405	439	476	517	561	610	663	720	780	565	524	487	454	425	400	378	360	347	337	331	329	331	337	347	360	378	400	425	454	487	524	565	610	659	712	768	829	618	577	540	507	478	452	431	413	400	390	384	382	384	390	400	413	431	452	478	507	540	577	618	663	712	764	821	881	675	634	597	563	534	509	487	470	456	446	440	439	440	446	456	470	487	509	534	563	597	634	675	720	768	821	878	938	735	694	657	624	595	569	548	530	517	507	501	499	501	507	517	530	548	569	595	624	657	694	735	780	829	881	938	999	800	759	721	688	659	634	612	595	581	571	565	563	565	571	581	595	612	634	659	688	721	759	800	844	893	946	1002	1063	868	827	790	757	727	702	680	663	649	640	634	632	634	640	649	663	680	702	727	757	790	827	868	913	961	1014	1071	1131	940	899	862	829	800	774	753	735	721	712	706	704	706	712	721	735	753	774	800	829	862	899	940	985	1034	1086	1143	1203	1016	975	938	905	876	850	829	811	798	788	782	780	782	788	798	811	829	850	876	905	938	975	1016	1061	1110	1162	1219	1280	1096	1055	1018	985	956	930	909	891	878	868	862	860	862	868	878	891	909	930	956	985	1018	1055	1096	1141	1190	1242	1299	1360	1180	1139	1102	1069	1040	1014	993	975	961	952	946	944	946	952	961	975	993	1014	1040	1069	1102	1139	1180	1225	1274	1326	1383	1443	1268	1227	1190	1157	1127	1102	1080	1063	1049	1040	1034	1032	1034	1040	1049	1063	1080	1102	1127	1157	1190	1227	1268	1313	1361	1414	1471	1531	1360	1319	1281	1248	1219	1194	1172	1155	1141	1131	1125	1123	1125	1131	1141	1155	1172	1194	1219	1248	1281	1319	1360	1404	1453	1506	1562	1623	1455	1414	1377	1344	1315	1289	1268	1250	1237	1227	1221	1219	1221	1227	1237	1250	1268	1289	1315	1344	1377	1414	1455	1500	1549	1601	1658	1719	1555	1514	1477	1443	1414	1389	1367	1350	1336	1326	1320	1319	1320	1326	1336	1350	1367	1389	1414	1443	1477	1514	1555	1600	1648	1701	1758	1818	1658	1617	1580	1547	1518	1492	1471	1453	1439	1430	1424	1422	1424	1430	1439	1453	1471	1492	1518	1547	1580	1617	1658	1703	1752	1804	1861	1921
